[?25l[0m[38;2;168;197;232;48;2;100;129;160m▅[38;2;179;206;239;48;2;106;135;165m▅[38;2;190;217;245;48;2;116;143;172m▅[38;2;195;223;246;48;2;123;150;180m▅[38;2;192;218;243;48;2;129;156;184m▅[38;2;133;160;187;48;2;187;214;239m▀[38;2;126;151;176;48;2;177;204;231m▀[38;2;131;159;182;48;2;185;212;238m▀[38;2;140;168;191;48;2;199;225;248m▀[38;2;139;167;191;48;2;205;233;249m▀[38;2;137;162;187;48;2;207;233;250m▀[38;2;136;160;185;48;2;206;230;247m▀[38;2;135;159;185;48;2;199;225;246m▀[38;2;133;157;182;48;2;193;220;242m▀[38;2;130;157;183;48;2;187;214;239m▀[38;2;127;156;184;48;2;179;208;236m▀[38;2;125;152;181;48;2;171;197;228m▀[38;2;118;147;176;48;2;151;179;210m▀[38;2;110;139;169;48;2;148;177;208m▀[38;2;102;132;165;48;2;133;163;198m▀[38;2;131;156;177;48;2;222;231;220m▋[38;2;246;251;241;48;2;249;254;248m▎[38;2;231;236;229;48;2;245;250;243m▐[38;2;145;167;194;48;2;212;218;217m▐[38;2;193;199;196;48;2;131;158;189m▐[38;2;117;118;101;48;2;56;53;28m▏[38;2;39;25;16;48;2;35;25;13m▁[48;2;34;24;13m▁[38;2;137;128;114;48;2;65;55;43m┏[38;2;89;79;66;48;2;165;169;169m▋[38;2;173;181;188;48;2;181;189;198m▃[38;2;177;186;196;48;2;171;179;187m▀[38;2;176;183;197;48;2;168;175;186m▀[38;2;170;178;192;48;2;163;171;181m▀[38;2;169;177;190;48;2;161;168;178m▀[38;2;166;173;188;48;2;156;164;174m▀[38;2;140;141;147;48;2;158;165;179m▂[38;2;142;137;128;48;2;156;162;176m▅[38;2;26;21;16;48;2;111;102;94m▗[0m
[38;2;231;251;253;48;2;206;234;253m▆[38;2;238;253;254;48;2;217;242;253m▆[38;2;241;254;254;48;2;223;249;254m▆[38;2;231;253;253;48;2;243;254;254m▀[38;2;240;254;254;48;2;226;249;252m▆[38;2;242;253;254;48;2;220;242;253m▆[38;2;242;253;253;48;2;217;239;254m▆[38;2;241;254;254;48;2;221;243;254m▆[38;2;242;254;253;48;2;229;250;254m▆[38;2;247;254;255;48;2;236;254;253m▅[38;2;248;253;255;48;2;238;254;253m▅[38;2;245;254;255;48;2;234;253;252m▆[38;2;244;254;254m▅[48;2;231;252;254m▅[38;2;240;253;253;48;2;219;244;253m▆[38;2;234;252;254;48;2;209;236;253m▆[38;2;227;248;253;48;2;202;227;250m▅[38;2;196;217;234;48;2;163;185;215m▅[38;2;204;229;252;48;2;178;203;235m▅[38;2;191;218;246;48;2;160;191;229m▅[38;2;235;240;236;48;2;184;206;222m▐[38;2;249;254;247;48;2;250;255;248m▚[38;2;172;173;165;48;2;231;234;228m▁[38;2;174;184;197;48;2;122;144;175m▎[38;2;192;198;198;48;2;126;150;181m▐[38;2;158;160;146;48;2;62;58;37m▏[38;2;41;28;13;48;2;41;26;17m▁[38;2;135;124;113;48;2;63;51;40m┏[38;2;124;115;100;48;2;66;54;36m▘[38;2;76;62;48;48;2;171;175;171m▊[38;2;170;176;172;48;2;173;179;181m▅[38;2;171;176;179;48;2;165;170;172m▘[38;2;163;167;176;48;2;159;164;166m▀[38;2;159;164;168;48;2;155;159;161m▀[38;2;145;148;148;48;2;155;159;163m▗[38;2;140;130;113;48;2;148;152;158m▅[38;2;64;55;38;48;2;135;122;106m▃[38;2;153;134;121;48;2;78;67;55m▗[38;2;175;154;141;48;2;77;65;55m▆[0m
[38;2;245;255;254;48;2;241;254;254m▃[38;2;244;255;255;48;2;244;254;254m┕[38;2;245;254;254;48;2;247;254;249m▊[38;2;253;254;230;48;2;249;254;246m▗[38;2;250;254;248;48;2;249;249;217m▀[38;2;225;228;181;48;2;252;254;236m▁[38;2;217;217;172;48;2;251;253;235m▁[38;2;210;210;165;48;2;250;253;235m▁[38;2;204;204;172;48;2;250;252;241m▁[38;2;205;204;183;48;2;250;251;244m▁[38;2;196;196;173;48;2;249;251;238m▁[38;2;202;201;163;48;2;250;254;233m▂[38;2;194;192;147;48;2;251;253;229m▂[38;2;187;189;143;48;2;249;252;224m▂[38;2;236;238;206;48;2;246;251;233m▖[38;2;219;230;213;48;2;239;249;248m▋[38;2;204;210;215;48;2;239;251;252m▁[38;2;193;205;216;48;2;206;224;235m▅[38;2;231;250;252;48;2;217;246;253m▅[38;2;222;245;251;48;2;199;218;235m▊[38;2;240;245;239;48;2;199;212;215m▐[38;2;247;252;245;48;2;250;254;248m▝[38;2;151;152;144;48;2;228;230;224m▐[38;2;116;141;160;48;2;152;167;178m┣[38;2;143;161;174;48;2;206;212;205m▘[38;2;169;172;158;48;2;63;60;35m▎[38;2;102;93;72;48;2;50;37;22m╺[38;2;93;86;63;48;2;35;29;16m▘[38;2;45;39;29;48;2;71;81;112m▀[38;2;71;79;101;48;2;158;167;160m▊[38;2;167;174;165;48;2;166;171;165m▍[38;2;159;164;158;48;2;164;169;164m▐[38;2;151;154;145;48;2;157;161;156m▗[38;2;149;153;149;48;2;147;137;108m▀[38;2;77;61;37;48;2;141;128;103m▃[38;2;135;111;86;48;2;74;57;39m▚[38;2;169;136;114;48;2;88;70;54m▆[38;2;181;148;123;48;2;175;146;130m▂[38;2;184;162;150;48;2;178;149;132m▔[0m
[38;2;242;255;255;48;2;245;254;254m▖[38;2;247;255;255m▐[38;2;248;254;254;48;2;250;254;250m▊[38;2;252;254;242;48;2;253;254;234m▍[38;2;184;186;151;48;2;239;241;218m▝[38;2;104;110;96;48;2;150;154;124m▗[38;2;155;160;123;48;2;116;122;107m▀[38;2;158;162;133;48;2;124;131;122m▀[38;2;132;140;141;48;2;167;171;159m▃[38;2;240;246;250;48;2;200;207;207m╺[38;2;237;243;243;48;2;202;201;186m▆[38;2;195;202;200;48;2;158;166;159m▍[38;2;117;128;120;48;2;158;165;136m▅[38;2;128;135;113;48;2;189;192;171m▊[38;2;228;229;213;48;2;250;252;241m▏[38;2;226;232;218;48;2;245;251;250m▊[38;2;194;206;211;48;2;245;251;252m▝[38;2;237;244;248;48;2;208;220;230m▃[38;2;225;237;242;48;2;240;253;254m▎[38;2;223;238;244;48;2;241;254;253m▝[38;2;211;219;225;48;2;244;251;248m▘[38;2;228;231;224;48;2;248;253;245m▂[38;2;196;195;189;48;2;89;78;65m▘[38;2;155;153;141;48;2;199;206;199m▏[38;2;213;214;206;48;2;219;220;210m▐[38;2;170;172;158;48;2;66;63;34m▍[38;2;71;69;83;48;2;40;33;19m▃[38;2;42;55;76;48;2;71;82;119m▚[38;2;24;58;90;48;2;68;86;129m▆[38;2;19;53;81;48;2;137;150;146m▊[38;2;164;169;161;48;2;162;164;154m▀[38;2;159;141;105;48;2;157;160;148m▗[38;2;81;61;37;48;2;149;134;103m▗[38;2;148;121;84;48;2;89;68;43m▚[38;2;174;137;99;48;2;97;77;55m▆[38;2;185;141;105;48;2;176;140;106m▅[38;2;180;140;110;48;2;185;141;105m▀[38;2;179;141;114;48;2;182;140;105m▀[38;2;182;138;101;48;2;176;141;114m▃[0m
[38;2;241;255;255;48;2;245;254;255m▍[38;2;245;255;255;48;2;250;255;255m▊[38;2;250;255;250;48;2;248;255;254m▕[38;2;252;255;244;48;2;253;254;235m▎[38;2;231;232;207;48;2;252;253;229m▕[38;2;180;182;158;48;2;89;95;79m▎[38;2;83;89;79;48;2;101;107;96m▅[38;2;71;78;70;48;2;100;107;99m┒[38;2;87;95;87;48;2;116;125;121m▅[38;2;92;107;108;48;2;140;159;168m▅[38;2;94;110;111;48;2;164;179;189m▆[38;2;98;105;103;48;2;143;156;158m▆[38;2;79;86;78;48;2;107;115;107m╼[38;2;98;105;90;48;2;146;153;134m▊[38;2;199;206;183;48;2;250;251;231m▏[38;2;236;240;216;48;2;238;244;240m▊[38;2;248;254;253;48;2;249;255;253m▋[38;2;249;254;252;48;2;241;247;249m▊[38;2;235;242;246;48;2;244;253;254m▍[38;2;244;254;255;48;2;242;252;253m▊[38;2;228;237;244;48;2;238;247;251m▃[38;2;210;219;219;48;2;134;136;123m▍[38;2;96;84;47;48;2;62;47;31m▖[38;2;117;111;92;48;2;211;210;190m▏[38;2;203;204;184;48;2;212;211;193m▗[38;2;183;185;165;48;2;85;85;60m▍[38;2;113;117;127;48;2;56;50;41m▂[38;2;76;77;77;48;2;37;43;43m▃[38;2;80;84;95;48;2;27;34;41m▂[38;2;40;47;53;48;2;125;130;125m▊[38;2;160;146;105;48;2;158;155;135m▆[38;2;111;88;61;48;2;169;137;92m▝[38;2;184;140;95;48;2;117;87;58m▆[38;2;185;143;99;48;2;194;147;101m▀[38;2;199;148;101;48;2;189;147;102m▂[38;2;189;146;102;48;2;197;147;102m▀[38;2;189;144;102;48;2;198;144;98m▀[38;2;190;142;100;48;2;195;140;92m▀[38;2;186;132;84;48;2;186;138;97m▅[0m
[38;2;242;255;255;48;2;244;254;255m▃[38;2;245;255;255;48;2;248;255;255m▋[38;2;248;255;255;48;2;248;254;254m▋[38;2;252;254;232;48;2;249;254;246m▐[38;2;252;254;225;48;2;251;252;220m▊[38;2;208;210;179;48;2;97;103;82m▍[38;2;215;218;192;48;2;83;90;76m▁[38;2;187;194;169;48;2;77;86;74m▂[38;2;203;208;183;48;2;83;91;78m▂[38;2;215;219;195;48;2;92;101;91m▂[38;2;223;227;208;48;2;85;97;84m▂[38;2;228;232;209;48;2;85;94;80m▂[38;2;232;239;211;48;2;90;99;83m▂[38;2;211;219;190;48;2;85;94;76m▃[38;2;193;201;174;48;2;248;250;226m▎[38;2;249;251;224;48;2;229;234;217m▍[38;2;228;238;245;48;2;244;252;253m▁[38;2;214;225;231;48;2;243;252;253m▁[38;2;213;224;230;48;2;239;248;250m▁[38;2;230;241;246;48;2;242;253;254m▁[38;2;223;229;241;48;2;230;238;247m╹[38;2;153;159;146;48;2;218;233;241m▐[38;2;124;125;77;48;2;94;82;53m▎[38;2;94;92;89;48;2;188;186;175m▁[38;2;47;51;49;48;2;191;196;197m▂[38;2;171;187;209;48;2;37;40;39m▀[38;2;103;118;136;48;2;28;30;28m▘[38;2;21;31;59;48;2;22;24;23m▗[38;2;102;88;64;48;2;28;31;37m▁[38;2;65;63;60;48;2;158;122;71m▘[38;2;169;132;74;48;2;203;143;83m▘[38;2;209;146;83;48;2;200;143;90m▅[38;2;212;148;88;48;2;203;147;97m▅[38;2;214;150;88;48;2;207;152;99m▅[48;2;207;153;100m▅[38;2;217;154;90;48;2;206;149;92m▂[38;2;217;153;90;48;2;204;145;89m▂[38;2;211;148;85;48;2;197;138;83m▃[38;2;208;140;83;48;2;193;130;77m▃[0m
[38;2;241;255;255;48;2;243;255;255m▊[38;2;245;255;255;48;2;244;255;255m▔[38;2;241;255;255;48;2;244;255;254m▃[38;2;244;254;252;48;2;248;254;232m▋[38;2;253;253;219;48;2;253;253;223m▅[38;2;254;253;223;48;2;254;254;222m▝[38;2;253;253;223;48;2;255;254;223m▔[38;2;253;254;223m▔[38;2;253;254;224m▔▔[38;2;254;255;227;48;2;254;254;222m▔[38;2;255;254;223;48;2;254;254;223m━[38;2;249;253;220;48;2;253;254;222m▔[38;2;223;223;195;48;2;249;251;218m▁[38;2;65;62;56;48;2;232;234;203m▃[38;2;34;33;32;48;2;203;206;188m▅[38;2;179;185;193;48;2;31;34;40m▔[38;2;112;121;127;48;2;19;24;32m▔[38;2;132;142;148;48;2;15;21;29m▔[38;2;18;24;27;48;2;151;161;168m▆[38;2;193;203;212;48;2;29;33;37m▀[38;2;73;78;77;48;2;186;195;198m▂[38;2;139;146;99;48;2;126;111;69m▎[38;2;140;126;96;48;2;204;201;178m▍[38;2;102;104;92;48;2;213;209;182m▔[38;2;82;80;51;48;2;182;180;151m▐[38;2;116;110;69;48;2;30;33;34m▃[38;2;155;121;73;48;2;49;54;52m▆[38;2;167;133;80;48;2;190;125;63m▘[38;2;185;118;54;48;2;204;136;74m▂[38;2;184;117;54;48;2;208;140;76m▂[38;2;186;115;57;48;2;211;141;75m▂[38;2;184;113;54m▂[38;2;178;109;51;48;2;210;140;75m▂[38;2;169;105;49;48;2;209;140;76m▂[38;2;160;97;46;48;2;206;138;75m▂[38;2;158;97;50;48;2;208;142;81m▃[38;2;147;88;47;48;2;200;134;75m▃[38;2;138;81;43;48;2;192;125;68m▃[0m
[38;2;236;254;254;48;2;239;254;254m▃[38;2;240;254;255;48;2;234;251;254m▀[38;2;235;252;254;48;2;240;254;255m▃[38;2;241;254;252;48;2;240;248;229m▊[38;2;225;228;192;48;2;249;250;214m▗[38;2;229;229;194;48;2;253;252;217m▖[38;2;252;252;215;48;2;254;254;221m▁[38;2;250;252;212;48;2;252;254;217m▁[38;2;247;249;209m▁[38;2;253;254;221m▔[38;2;251;254;216;48;2;253;254;219m▃[38;2;246;250;210;48;2;251;252;220m▂[38;2;240;241;208;48;2;248;249;217m▂[38;2;230;231;199;48;2;75;73;66m▘[38;2;20;17;17;48;2;16;13;13m▔[38;2;19;18;16;48;2;12;12;13m▁[38;2;20;19;16;48;2;9;11;15m▂[38;2;34;23;18;48;2;11;11;13m▂[38;2;27;21;16;48;2;12;11;14m▁[38;2;11;16;14m▁[38;2;13;12;12;48;2;8;9;12m▃[38;2;30;33;33;48;2;11;10;13m▔[38;2;34;29;23;48;2;107;97;66m▅[38;2;144;131;102;48;2;215;211;184m▍[38;2;115;108;79;48;2;205;202;172m▗[38;2;173;169;139;48;2;78;62;35m▘[38;2;106;89;48;48;2;148;98;47m▏[38;2;156;95;43;48;2;153;88;36m▃[38;2;158;90;38;48;2;151;83;33m▃[38;2;161;114;81;48;2;151;82;33m▗[38;2;181;138;107;48;2;145;80;33m▃[38;2;159;90;38;48;2;153;84;34m▃[38;2;159;89;37;48;2;154;84;34m▃[38;2;150;83;35;48;2;154;87;39m▘[38;2;153;88;40;48;2;147;84;37m▂[38;2;149;87;43;48;2;143;80;38m▃[38;2;136;84;50;48;2;173;139;119m▀[38;2;170;130;107;48;2;136;82;49m▖[38;2;129;72;43;48;2;142;87;59m▀[0m
[38;2;209;234;253;48;2;232;252;254m▖[38;2;234;254;253;48;2;232;253;254m▘[38;2;233;253;255;48;2;233;252;254m▆[38;2;229;241;236;48;2;231;250;253m▕[38;2;230;237;216;48;2;235;241;198m▎[38;2;223;225;186;48;2;242;243;200m▘[38;2;248;251;208;48;2;239;246;199m▀[38;2;235;243;196;48;2;246;251;208m▂[38;2;233;241;193;48;2;246;251;207m▂[38;2;239;247;198;48;2;248;253;210m▂[38;2;241;248;201;48;2;247;254;211m▂[38;2;233;240;199;48;2;244;250;212m▃[38;2;91;95;94;48;2;216;219;193m▗[38;2;62;62;67;48;2;28;26;26m▘[38;2;23;19;18;48;2;27;24;20m▀[38;2;33;26;21;48;2;25;20;19m▅[38;2;37;27;20;48;2;53;33;26m▋[38;2;76;44;36;48;2;61;37;29m▆[38;2;85;46;36;48;2;56;36;24m▆[38;2;94;52;39;48;2;37;27;20m▆[38;2;113;63;49;48;2;31;24;19m▅[38;2;24;17;15;48;2;123;84;72m▀[38;2;136;116;116;48;2;31;26;24m▖[38;2;142;132;111;48;2;61;48;33m▝[38;2;71;44;21;48;2;99;74;47m▃[38;2;53;31;15;48;2;95;63;33m▃[38;2;105;81;48;48;2;162;116;64m▏[38;2;165;106;55;48;2;177;119;71m▀[38;2;178;115;66;48;2;168;101;49m▃[38;2;165;118;83;48;2;170;105;54m▝[38;2;171;107;56;48;2;159;115;83m▅[38;2;167;96;44;48;2;175;110;57m▀[38;2;165;94;43;48;2;174;105;53m▀[38;2;161;92;42;48;2;170;102;50m▀[38;2;168;103;53;48;2;158;92;45m▃[38;2;164;102;57;48;2;157;92;49m▃[38;2;159;121;105;48;2;158;102;68m▔[38;2;217;201;192;48;2;163;113;86m▗[38;2;238;234;232;48;2;163;112;91m▅[0m
[38;2;174;200;230;48;2;208;232;251m▎[38;2;217;241;254;48;2;225;246;254m▃[38;2;219;243;254;48;2;227;249;254m▂[38;2;227;250;253;48;2;220;243;251m▘[38;2;220;231;226;48;2;221;228;190m▎[38;2;191;194;152;48;2;224;227;182m▖[38;2;227;234;188;48;2;235;240;194m▃[38;2;235;243;196;48;2;231;239;190m▀[38;2;233;241;192;48;2;237;245;197m▅[38;2;238;246;197;48;2;234;242;193m▀[38;2;238;246;198;48;2;232;239;192m▀[38;2;156;151;123;48;2;231;237;198m▗[38;2;149;151;136;48;2;56;36;28m▘[38;2;55;34;31;48;2;31;26;22m▖[38;2;47;33;28;48;2;34;26;23m▗[38;2;72;44;35;48;2;51;34;26m▆[38;2;63;40;32;48;2;76;45;37m▔[38;2;82;47;38;48;2;73;43;34m▀[38;2;62;37;31;48;2;93;50;39m▃[38;2;78;49;37;48;2;112;61;47m▂[38;2;157;107;95;48;2;136;79;63m▗[38;2;165;127;125;48;2;198;182;189m▊[38;2;226;222;233;48;2;113;96;78m▊[38;2;76;49;29;48;2;100;72;50m▝[38;2;74;48;25;48;2;58;36;18m▖[38;2;51;32;18;48;2;43;26;17m▖[38;2;79;62;41;48;2;185;145;94m▎[38;2;210;171;120;48;2;193;142;92m▃[38;2;192;137;89;48;2;213;171;127m▀[38;2;192;134;84;48;2;213;170;131m▀[38;2;192;133;80;48;2;215;172;128m▀[38;2;193;132;81;48;2;214;167;121m▀[38;2;212;161;113;48;2;189;128;74m▃[38;2;202;146;93;48;2;184;119;66m▃[38;2;194;135;81;48;2;179;117;65m▃[38;2;184;126;77;48;2;173;114;67m▃[38;2;182;125;80;48;2;173;118;82m▖[38;2;192;157;144;48;2;178;125;95m▝[38;2;179;134;113;48;2;227;216;215m▅[0m
[38;2;203;229;253;48;2;197;224;253m▐[38;2;211;236;254;48;2;206;231;254m▀[38;2;200;225;247;48;2;209;233;253m▗[38;2;211;235;253;48;2;203;227;249m▀[38;2;208;226;235;48;2;206;215;177m▍[38;2;178;183;136;48;2;209;214;163m╹[38;2;224;229;176;48;2;216;224;170m▀[38;2;218;226;175;48;2;225;233;183m▅[38;2;221;229;178;48;2;228;236;187m▅[38;2;228;236;187;48;2;221;229;179m▀[38;2;218;226;180;48;2;226;233;186m▃[38;2;213;219;179;48;2;69;50;37m▊[38;2;43;25;19;48;2;60;31;26m▗[38;2;56;33;28;48;2;62;41;36m▏[38;2;71;46;39;48;2;52;36;30m▆[38;2;79;48;39;48;2;88;52;42m▍[38;2;103;60;47;48;2;92;53;43m▂[38;2;53;31;23;48;2;96;53;42m╺[38;2;32;17;14;48;2;115;75;62m╸[38;2;88;56;44;48;2;119;70;57m▔[38;2;127;75;62;48;2;164;114;102m▍[38;2;132;91;84;48;2;160;119;110m╺[38;2;183;174;173;48;2;124;112;90m▊[38;2;102;72;47;48;2;109;84;57m▐[38;2;73;48;27;48;2;93;60;39m▝[38;2;76;48;31;48;2;54;34;20m▖[38;2;82;65;42;48;2;217;194;153m▍[38;2;229;201;160;48;2;248;232;198m▀[38;2;251;238;214;48;2;233;206;171m▅[38;2;250;236;217;48;2;234;207;177m▆[38;2;250;235;214;48;2;231;202;169m▆[38;2;250;232;206;48;2;230;198;161m▆[38;2;249;222;186;48;2;230;190;149m▅[38;2;222;175;126;48;2;246;206;159m▀[38;2;210;155;102;48;2;233;186;130m▀[38;2;201;144;91;48;2;224;171;110m▀[38;2;217;162;101;48;2;195;139;87m▃[38;2;202;143;90;48;2;183;127;84m▃[38;2;183;124;74;48;2;169;113;77m▂[0m
[38;2;186;214;248;48;2;193;220;251m▖[38;2;197;222;253;48;2;201;227;254m▃[38;2;197;222;247;48;2;200;227;253m▝[38;2;195;220;244;48;2;197;222;248m▚[38;2;194;205;172;48;2;197;218;237m▐[38;2;168;172;127;48;2;203;209;154m▗[38;2;202;207;151;48;2;210;216;162m▃[38;2;148;153;119;48;2;207;215;165m▁[38;2;206;214;167;48;2;52;62;67m▀[38;2;26;31;44;48;2;208;216;171m▅[38;2;28;31;43;48;2;189;195;162m▅[38;2;155;161;139;48;2;67;59;56m▘[38;2;51;30;27;48;2;58;37;34m▖[38;2;66;42;36;48;2;68;45;40m▚[38;2;75;42;35;48;2;75;46;39m╺[38;2;92;52;44;48;2;80;47;40m▐[38;2;107;61;48;48;2;120;68;55m▋[38;2;126;73;60;48;2;136;79;66m▔[38;2;102;54;43;48;2;131;77;62m▗[38;2;109;62;48;48;2;96;51;38m▘[38;2;114;64;51;48;2;203;178;178m▍[38;2;153;117;117;48;2;214;201;203m▘[38;2;106;86;75;48;2;145;119;102m▅[38;2;106;87;58;48;2;103;74;45m▎[38;2;89;58;35;48;2;96;64;37m▐[38;2;81;54;31;48;2;72;48;30m▋[38;2;242;231;195;48;2;97;79;52m▐[38;2;254;252;223;48;2;253;246;215m▆[38;2;254;253;227;48;2;254;254;233m▍[38;2;253;251;231;48;2;254;254;234m▔[38;2;253;250;229;48;2;254;253;233m▔[38;2;253;254;234;48;2;253;252;230m▆[38;2;253;244;208;48;2;253;254;228m▝[38;2;254;250;207;48;2;253;232;185m▅[38;2;254;238;185;48;2;250;215;159m▅[38;2;253;223;160;48;2;247;199;133m▅[38;2;239;187;121;48;2;252;211;143m▀[38;2;224;167;104;48;2;245;190;124m▀[38;2;200;141;82;48;2;221;164;102m▀[0m
[38;2;160;193;224;48;2;181;212;245m▖[38;2;193;220;248;48;2;187;216;247m▀[38;2;195;222;250;48;2;190;217;249m▀[38;2;185;209;233;48;2;192;217;244m▗[38;2;96;114;114;48;2;179;201;208m▗[38;2;7;16;17;48;2;170;177;132m▂[38;2;167;170;129;48;2;51;56;57m▀[38;2;80;83;74;48;2;29;39;62m▔[38;2;28;38;68;48;2;48;61;98m▅[38;2;21;27;48;48;2;40;54;87m▅[38;2;56;59;72;48;2;13;18;30m▀[38;2;19;20;21;48;2;39;29;28m▂[38;2;48;28;25;48;2;44;24;20m▀[38;2;49;29;23;48;2;83;54;47m▊[38;2;78;48;40;48;2;156;112;101m▀[38;2;89;50;44;48;2;160;111;103m▀[38;2;110;62;49;48;2;99;54;46m▐[38;2;131;77;63;48;2;108;61;47m▀[38;2;124;74;60;48;2;96;52;40m▘[38;2;178;147;147;48;2;103;61;51m▗[38;2;136;92;82;48;2;202;183;181m▘[38;2;180;174;194;48;2;102;102;168m▀[38;2;131;144;145;48;2;165;179;205m▝[38;2;107;83;58;48;2;135;139;141m▐[38;2;93;63;37;48;2;102;69;38m▐[38;2;92;68;46;48;2;81;56;32m▁[38;2;228;201;169;48;2;86;68;42m▐[38;2;244;107;95;48;2;254;248;222m▂[38;2;253;250;225;48;2;254;254;231m▏[38;2;255;255;230;48;2;255;254;233m▂[38;2;254;255;229;48;2;254;254;232m▃[38;2;254;255;224m▂[38;2;255;254;222;48;2;254;254;229m▂[38;2;229;222;193;48;2;253;252;219m▂[38;2;138;136;133;48;2;251;248;205m▂[38;2;188;187;203;48;2;251;238;187m▂[38;2;251;220;158;48;2;242;241;232m▀[38;2;249;247;246;48;2;249;208;147m▃[38;2;240;237;236;48;2;236;185;121m▃[0m
[38;2;103;134;158;48;2;166;195;226m▎[38;2;179;208;240;48;2;182;211;246m▃[38;2;185;211;244;48;2;179;205;232m▀[38;2;146;164;179;48;2;178;202;223m▕[38;2;86;101;114;48;2;8;19;27m▏[38;2;23;33;53;48;2;5;10;12m▃[38;2;22;30;54;48;2;2;7;9m▅[38;2;3;11;11;48;2;24;34;56m▀[38;2;17;24;32;48;2;5;11;12m▂[38;2;14;19;29;48;2;4;11;15m▀[38;2;24;28;38;48;2;12;17;25m┒[38;2;12;16;21;48;2;51;50;52m▊[38;2;52;49;50;48;2;35;21;18m▏[38;2;64;39;31;48;2;115;72;65m▍[38;2;115;62;55;48;2;141;77;70m▅[38;2;157;102;97;48;2;101;68;61m▊[38;2;89;50;40;48;2;65;38;30m▀[38;2;83;47;38;48;2;102;58;49m▖[38;2;175;144;137;48;2;115;69;61m▗[38;2;38;32;29;48;2;163;130;127m▗[38;2;84;72;61;48;2;149;134;127m▆[38;2;141;153;166;48;2;91;98;114m▗[38;2;67;92;152;48;2;123;145;188m▘[38;2;116;108;91;48;2;149;165;174m▐[38;2;121;115;105;48;2;98;75;51m▃[38;2;121;132;97;48;2;101;92;78m▗[38;2;131;136;116;48;2;212;202;172m▋[38;2;238;132;111;48;2;244;239;208m▔[38;2;246;253;191;48;2;252;252;223m▗[38;2;242;252;151;48;2;254;254;219m▂[38;2;239;211;161;48;2;252;249;209m▗[38;2;143;109;64;48;2;241;234;199m▅[38;2;125;104;79;48;2;246;239;199m▆[38;2;101;101;98;48;2;193;186;164m▅[38;2;132;135;137;48;2;213;215;209m▖[38;2;170;182;174;48;2;238;241;245m▂[38;2;175;192;198;48;2;239;243;246m▂[38;2;187;194;199;48;2;242;246;249m▃[38;2;171;180;184;48;2;239;247;250m▃[0m
[38;2;74;107;116;48;2;149;180;206m▍[38;2;172;200;229;48;2;177;204;236m▅[38;2;73;93;113;48;2;172;197;224m▗[38;2;124;143;166;48;2;23;34;48m▘[38;2;8;14;15;48;2;33;42;77m▅[38;2;105;114;113;48;2;55;64;73m┏[38;2;118;118;118;48;2;36;43;56m▗[38;2;132;138;148;48;2;27;31;38m╸[38;2;80;82;84;48;2;10;13;19m▂[38;2;12;15;21;48;2;9;13;18m▁[38;2;9;13;16;48;2;5;10;14m▖[38;2;76;78;81;48;2;15;20;24m▝[38;2;66;52;50;48;2;12;14;14m▗[38;2;120;85;74;48;2;104;69;57m▖[38;2;133;90;76;48;2;105;62;50m▗[38;2;173;150;146;48;2;53;55;75m▋[38;2;38;46;64;48;2;74;79;120m▊[38;2;45;44;62;48;2;81;91;147m▝[38;2;92;91;81;48;2;40;41;46m▕[38;2;81;71;54;48;2;132;125;110m▂[38;2;71;48;32;48;2;126;97;81m▂[38;2;92;78;54;48;2;130;115;100m▂[38;2;95;94;93;48;2;45;47;59m▎[38;2;75;79;102;48;2;30;36;41m▀[38;2;80;83;86;48;2;224;227;226m▍[38;2;251;254;248;48;2;190;230;128m▅[38;2;221;84;116;48;2;231;223;196m▗[38;2;225;63;72;48;2;235;236;207m▅[38;2;239;128;135;48;2;243;227;187m╸[38;2;249;252;165;48;2;226;253;109m▃[38;2;242;226;137;48;2;217;178;113m▋[38;2;157;123;73;48;2;95;62;25m▍[38;2;164;146;134;48;2;70;54;34m▔[38;2;190;187;191;48;2;84;83;67m▔[38;2;181;181;182;48;2;118;119;106m▔[38;2;134;129;117;48;2;209;212;204m▃[38;2;209;208;195;48;2;234;243;239m▖[38;2;220;233;235;48;2;250;251;249m▔[38;2;220;229;231;48;2;243;245;248m▔[0m
[38;2;86;111;122;48;2;149;177;196m▋[38;2;29;43;53;48;2;155;183;205m▗[38;2;46;59;77;48;2;5;12;16m▘[38;2;12;19;23;48;2;5;12;14m▁[38;2;17;24;24;48;2;90;96;93m▘[38;2;76;80;77;48;2;11;14;13m▚[38;2;30;30;24;48;2;104;101;95m▗[38;2;119;114;107;48;2;37;39;36m▐[38;2;121;115;112;48;2;23;24;21m▘[38;2;105;91;94;48;2;23;24;31m▗[38;2;17;20;26;48;2;130;105;98m▀[38;2;148;129;124;48;2;15;18;21m▃[38;2;25;22;23;48;2;100;73;65m▍[38;2;107;67;56;48;2;93;55;44m▀[38;2;125;82;69;48;2;175;144;139m▊[38;2;132;125;131;48;2;51;59;82m▎[38;2;32;40;59;48;2;57;67;91m▐[38;2;97;105;139;48;2;38;49;83m▔[38;2;77;87;125;48;2;38;48;71m▚[38;2;67;64;59;48;2;43;36;28m▊[38;2;19;19;15;48;2;36;24;14m▆[38;2;84;72;55;48;2;38;31;29m▐[38;2;81;73;51;48;2;53;50;31m▎[38;2;148;166;169;48;2;73;75;53m▗[38;2;121;122;93;48;2;188;198;179m▘[38;2;240;240;231;48;2;139;151;74m▀[38;2;171;183;144;48;2;70;46;34m▍[38;2;43;27;19;48;2;168;39;29m▆[38;2;125;83;87;48;2;218;212;201m▋[38;2;239;208;200;48;2;206;234;149m▃[38;2;239;192;193;48;2;153;143;94m▃[38;2;68;52;31;48;2;138;121;109m▚[38;2;70;50;26;48;2;191;191;185m▅[38;2;152;168;142;48;2;72;59;27m▀[38;2;131;136;96;48;2;184;195;184m▆[38;2;168;169;77;48;2;180;178;154m▆[38;2;203;199;31;48;2;182;181;151m▅[38;2;223;215;32;48;2;234;232;215m▅[38;2;232;227;52;48;2;228;227;177m▖[0m
[38;2;19;29;35;48;2;88;103;110m▗[38;2;34;48;57;48;2;8;15;21m▔[38;2;6;14;18;48;2;10;18;24m▚[38;2;18;27;30;48;2;96;103;103m▍[38;2;104;111;107;48;2;30;34;32m▘[38;2;67;68;63;48;2;127;127;118m▚[38;2;141;141;142;48;2;34;34;32m▗[38;2;50;49;50;48;2;149;144;142m▐[38;2;103;80;76;48;2;23;23;22m▗[38;2;122;104;97;48;2;102;70;55m▘[38;2;103;66;51;48;2;112;68;53m▋[38;2;187;160;155;48;2;135;87;72m▐[38;2;162;142;136;48;2;101;68;57m▘[38;2;86;51;40;48;2;97;58;45m▊[38;2;123;86;71;48;2;149;128;123m▎[38;2;122;116;128;48;2;37;46;71m▂[38;2;117;112;119;48;2;37;46;67m▂[38;2;29;38;56;48;2;33;44;66m▆[38;2;57;67;121;48;2;28;39;65m▐[38;2;54;60;78;48;2;50;63;129m▝[38;2;90;102;141;48;2;28;29;35m▖[38;2;49;53;73;48;2;21;26;34m▔[38;2;35;28;24;48;2;33;35;40m▝[38;2;84;96;104;48;2;37;42;37m▝[38;2;127;148;152;48;2;98;96;58m▀[38;2;171;158;108;48;2;90;94;45m▂[38;2;117;129;73;48;2;25;23;15m▋[38;2;24;20;19;48;2;35;36;38m▊[38;2;72;78;95;48;2;188;191;185m▋[38;2;209;195;148;48;2;245;244;232m▃[38;2;252;253;218;48;2;251;248;238m▃[38;2;250;248;205;48;2;254;253;233m▝[38;2;213;187;133;48;2;254;252;230m▔[38;2;149;129;90;48;2;251;248;225m▔[38;2;253;251;230;48;2;190;181;151m▆[38;2;252;251;225;48;2;147;144;124m▅[38;2;239;237;216;48;2;137;131;39m▅[38;2;147;137;55;48;2;210;207;199m▀[38;2;196;191;164;48;2;238;236;235m▚[0m
[38;2;25;36;43;48;2;5;11;17m▍[38;2;16;21;28;48;2;14;18;25m┛[38;2;105;107;111;48;2;17;22;30m▗[38;2;12;15;19;48;2;100;103;104m▗[38;2;16;20;18;48;2;117;115;107m▘[38;2;101;100;94;48;2;35;33;30m▘[38;2;96;95;97;48;2;144;143;135m▚[38;2;10;12;14;48;2;31;32;50m┻[38;2;34;32;38;48;2;94;66;57m▎[38;2;100;64;50;48;2;95;60;47m▗[38;2;105;69;55;48;2;102;65;50m▖[38;2;158;117;105;48;2;108;69;57m┚[38;2;91;56;45;48;2;94;58;45m▖[38;2;99;59;46;48;2;118;74;61m▊[38;2;156;116;105;48;2;181;158;150m▎[38;2;122;78;68;48;2;162;129;123m▗[38;2;139;103;97;48;2;180;166;173m▋[38;2;163;122;142;48;2;72;70;86m▃[38;2;93;52;71;48;2;205;171;185m▀[38;2;11;18;32;48;2;36;44;84m▗[38;2;60;77;141;48;2;33;41;79m▝[38;2;158;143;139;48;2;48;60;95m▃[38;2;219;196;188;48;2;40;42;52m▃[38;2;211;188;180;48;2;26;29;30m▂[38;2;220;202;188;48;2;88;81;57m▁[38;2;214;197;179;48;2;131;122;78m▁[38;2;191;179;153;48;2;124;111;89m▚[38;2;45;36;27;48;2;183;171;154m▀[38;2;179;168;152;48;2;90;77;64m▅[38;2;246;246;211;48;2;164;160;146m▁[38;2;254;251;213;48;2;185;181;161m▁[38;2;201;191;170;48;2;248;245;233m▆[38;2;180;167;147;48;2;253;250;247m▆[38;2;167;151;132;48;2;254;252;248m▆[38;2;170;160;146;48;2;246;243;236m▅[38;2;161;154;162;48;2;245;243;210m▃[38;2;252;250;212;48;2;192;189;183m▀[38;2;167;163;157;48;2;226;223;212m▝[38;2;205;209;216;48;2;93;85;78m▃[0m
[38;2;124;134;136;48;2;22;30;36m▏[38;2;36;40;50;48;2;18;24;37m▕[38;2;63;65;71;48;2;131;134;138m▚[38;2;28;30;31;48;2;112;110;104m▋[38;2;44;42;35;48;2;139;133;122m▐[38;2;35;33;33;48;2;132;132;123m▍[38;2;118;118;111;48;2;23;25;32m▍[38;2;16;18;26;48;2;69;60;59m▊[38;2;107;83;73;48;2;97;63;52m▘[38;2;100;64;51;48;2;103;67;54m▘[38;2;106;68;56;48;2;104;65;54m▊[38;2;92;57;46;48;2;98;60;49m▝[38;2;105;62;46;48;2;96;59;45m▗[38;2;104;62;46;48;2;120;78;61m▊[38;2;113;71;55;48;2;148;108;98m▆[38;2;110;66;53;48;2;96;54;42m▘[38;2;160;132;125;48;2;119;78;69m▐[38;2;109;69;50;48;2;176;156;156m▖[38;2;215;170;187;48;2;225;217;225m▚[38;2;189;190;199;48;2;30;28;39m▍[38;2;97;76;68;48;2;24;25;36m▕[38;2;122;83;70;48;2;154;116;100m▃[38;2;164;124;109;48;2;125;84;73m▀[38;2;123;84;71;48;2;178;142;126m▅[38;2;108;74;62;48;2;176;142;129m▅[38;2;91;61;52;48;2;178;144;129m▅[38;2;107;79;70;48;2;210;185;177m▆[38;2;141;110;100;48;2;215;191;182m▅[38;2;216;193;184;48;2;130;98;88m▀[38;2;216;198;189;48;2;114;71;64m▀[38;2;138;87;79;48;2;232;218;206m▅[38;2;158;111;98;48;2;231;213;201m▅[38;2;223;204;189;48;2;150;107;95m▀[38;2;187;156;148;48;2;239;226;204m▂[38;2;252;243;211;48;2;245;238;204m▅[38;2;95;81;47;48;2;207;196;170m╺[38;2;206;199;208;48;2;103;89;70m▀[38;2;149;149;148;48;2;228;236;242m▂[38;2;234;243;250;48;2;229;238;247m▃[0m
[38;2;153;163;162;48;2;28;38;42m▍[38;2;11;17;23;48;2;103;106;111m▊[38;2;36;39;41;48;2;125;129;128m▐[38;2;42;45;44;48;2;127;129;127m▘[38;2;93;95;92;48;2;24;27;27m▎[38;2;21;27;38;48;2;100;103;100m▅[38;2;25;33;52;48;2;15;17;25m▃[38;2;21;25;36;48;2;56;49;51m▊[38;2;87;58;48;48;2;77;55;44m▀[38;2;83;51;42;48;2;100;65;53m▅[38;2;100;61;51;48;2;85;50;41m▀[38;2;87;50;41;48;2;95;55;45m▖[38;2;97;55;45;48;2;110;65;51m▂[38;2;107;60;47;48;2;112;64;50m▂[38;2;106;63;47;48;2;101;58;43m▚[38;2;100;57;42;48;2;118;75;60m▘[38;2;173;144;140;48;2;137;98;87m┗[38;2;166;142;139;48;2;137;102;95m▐[38;2;128;121;128;48;2;212;197;204m▃[38;2;211;183;197;48;2;76;53;68m▘[38;2;20;18;17;48;2;10;14;14m▗[38;2;25;20;17;48;2;82;52;47m▆[38;2;23;18;14;48;2;81;52;46m▅[38;2;22;18;14;48;2;78;50;42m▅[38;2;18;17;12;48;2;63;43;34m▅[38;2;105;86;66;48;2;48;38;31m▗[38;2;82;69;58;48;2;35;29;21m▏[38;2;36;31;19;48;2;97;87;67m━[38;2;133;97;92;48;2;67;52;44m▀[38;2;177;144;143;48;2;115;76;72m▗[38;2;213;185;166;48;2;95;68;85m▔[38;2;236;226;201;48;2;115;98;97m▔[38;2;219;207;188;48;2;122;110;106m▔[38;2;159;152;171;48;2;113;77;79m▂[38;2;97;74;78;48;2;207;183;168m▖[38;2;245;232;215;48;2;252;242;225m▏[38;2;184;169;145;48;2;248;239;221m▔[38;2;112;96;76;48;2;238;229;214m▀[38;2;119;107;94;48;2;211;218;222m▆[0m
[38;2;104;108;110;48;2;36;41;45m▗[38;2;34;38;41;48;2;108;111;114m▐[38;2;150;156;160;48;2;94;97;100m▝[38;2;75;80;85;48;2;10;15;18m▘[38;2;9;14;17;48;2;16;21;27m▆[38;2;18;24;37;48;2;10;13;18m▔[38;2;20;24;37;48;2;12;17;22m╺[38;2;25;31;47;48;2;17;20;26m▅[38;2;68;57;57;48;2;73;54;45m▎[38;2;72;50;40;48;2;71;47;37m▎[38;2;68;46;36;48;2;76;46;38m▆[38;2;69;45;34;48;2;80;48;38m▅[38;2;75;46;38;48;2;86;49;41m▅[38;2;83;50;41;48;2;96;56;46m▅[38;2;90;52;44;48;2;103;63;48m▅[38;2;114;71;55;48;2;93;57;47m▀[38;2;99;59;48;48;2;116;71;56m▃[38;2;152;117;106;48;2;123;80;67m▐[38;2;140;122;121;48;2;25;23;29m▘[38;2;42;44;59;48;2;18;21;29m▘[38;2;101;186;225;48;2;26;36;42m▗[38;2;35;40;45;48;2;102;208;247m▀[38;2;24;25;26;48;2;90;187;226m▀[38;2;33;60;68;48;2;20;21;15m▖[38;2;15;18;17;48;2;15;16;12m▖[38;2;18;19;13;48;2;40;35;25m▎[38;2;61;58;45;48;2;31;29;20m▎[38;2;62;55;38;48;2;112;109;80m▍[38;2;49;48;40;48;2;124;137;94m▝[38;2;129;125;102;48;2;87;79;65m╺[38;2;58;48;46;48;2;124;117;112m▘[38;2;152;157;171;48;2;156;140;124m▆[38;2;210;210;194;48;2;162;162;167m━[38;2;177;183;196;48;2;148;138;133m▆[38;2;129;116;120;48;2;168;172;194m▔[38;2;150;151;174;48;2;232;224;219m▖[38;2;248;243;241;48;2;251;242;234m▃[38;2;249;247;244;48;2;251;245;240m▃[38;2;227;216;206;48;2;252;247;246m▔[0m
[38;2;117;122;125;48;2;58;63;65m▗[38;2;94;98;99;48;2;38;42;44m▚[38;2;123;124;126;48;2;23;27;28m▍[38;2;7;12;16;48;2;8;14;15m▂[38;2;9;13;20;48;2;8;13;15m▁[38;2;18;28;39;48;2;10;14;20m▁[38;2;23;34;50;48;2;10;19;25m▃[38;2;84;75;78;48;2;30;36;50m▗[38;2;80;65;58;48;2;73;53;44m▎[38;2;73;50;40;48;2;72;48;38m▃[38;2;73;48;38;48;2;70;47;37m▖[38;2;68;46;35;48;2;70;48;37m▔[38;2;70;48;37;48;2;73;48;38m▏[38;2;78;48;40;48;2;76;47;39m▐[38;2;84;51;43;48;2;81;49;41m▐[38;2;89;55;46;48;2;94;60;48m▊[38;2;66;49;39;48;2;100;66;52m▁[38;2;112;80;69;48;2;25;22;22m▘[38;2;10;14;19;48;2;11;16;21m▋[38;2;19;23;28;48;2;13;16;22m▝[38;2;30;52;67;48;2;58;124;161m▃[38;2;28;68;87;48;2;88;182;225m▆[38;2;20;52;61;48;2;63;149;181m▆[38;2;71;80;87;48;2;35;46;49m┓[38;2;26;41;49;48;2;14;22;21m▂[38;2;57;97;112;48;2;44;45;39m▖[38;2;39;33;25;48;2;23;23;16m▖[38;2;28;28;17;48;2;76;69;55m▋[38;2;75;69;53;48;2;103;95;68m▃[38;2;89;95;64;48;2;51;49;31m▘[38;2;30;30;16;48;2;105;95;69m▖[38;2;158;147;120;48;2;81;79;79m▂[38;2;216;205;188;48;2;89;71;78m▂[38;2;221;213;199;48;2;75;69;76m▂[38;2;229;221;216;48;2;74;68;74m▂[38;2;240;234;231;48;2;92;78;81m▂[38;2;196;193;193;48;2;245;244;244m▏[38;2;249;248;252;48;2;248;248;248m▃[38;2;251;249;253;48;2;253;248;254m▎[0m
[38;2;40;45;48;48;2;96;101;104m▏[38;2;124;128;129;48;2;46;51;54m▝[38;2;73;79;80;48;2;15;20;23m▎[38;2;8;12;16;48;2;9;14;19m▔[38;2;10;15;18;48;2;19;23;33m▆[38;2;31;38;56;48;2;15;20;23m▔[38;2;34;40;50;48;2;105;88;82m▀[38;2;115;97;97;48;2;87;62;54m▘[38;2;74;53;43;48;2;74;53;41m▎[38;2;75;50;40;48;2;75;52;40m▝[38;2;74;49;39;48;2;78;50;40m▀[38;2;73;49;39;48;2;81;52;42m▀[38;2;88;56;44;48;2;78;49;40m▃[38;2;98;61;50;48;2;81;52;41m▃[38;2;106;71;59;48;2;86;58;47m▖[38;2;84;59;49;48;2;19;20;17m▀[38;2;44;37;30;48;2;12;17;18m▔[38;2;12;17;19;48;2;10;15;18m▃[38;2;11;15;18;48;2;11;16;19m▘[38;2;13;17;21;48;2;14;18;23m▏[38;2;30;45;60;48;2;13;19;26m▝[38;2;26;39;54;48;2;20;30;40m▎[38;2;20;28;34;48;2;15;22;26m▎[38;2;16;22;26;48;2;16;22;25m▍[38;2;21;34;39;48;2;16;22;27m▔[38;2;15;20;26;48;2;34;40;43m▆[38;2;31;33;31;48;2;16;21;27m▀[38;2;57;56;47;48;2;23;28;30m▝[38;2;86;99;107;48;2;35;37;28m▂[38;2;165;180;190;48;2;65;60;44m▃[38;2;163;177;193;48;2;51;53;39m▅[38;2;164;177;195;48;2;113;109;95m▖[38;2;102;103;87;48;2;208;208;195m▖[38;2;230;222;213;48;2;226;221;216m▀[38;2;235;231;228;48;2;230;226;220m▐[38;2;239;238;238;48;2;238;235;233m▐[38;2;244;243;249;48;2;243;241;243m▐[38;2;246;246;251;48;2;247;248;253m▊[38;2;248;250;254;48;2;245;248;252m▀[0m
[38;2;38;43;47;48;2;114;119;123m▎[38;2;76;82;82;48;2;8;14;16m▎[38;2;24;30;37;48;2;7;15;17m▁[38;2;133;115;118;48;2;15;22;25m▂[38;2;16;22;24;48;2;149;124;121m▀[38;2;79;62;58;48;2;122;96;89m▚[38;2;112;86;75;48;2;83;58;50m▘[38;2;79;56;46;48;2;76;55;44m▏[38;2;75;54;43;48;2;74;52;40m▊[38;2;77;50;40;48;2;75;52;40m▕[38;2;77;51;40;48;2;81;53;42m▋[38;2;92;57;47;48;2;85;55;44m▐[38;2;105;68;56;48;2;98;62;50m▗[38;2;37;33;28;48;2;106;71;60m▗[38;2;54;42;35;48;2;11;18;17m▘[38;2;13;18;21;48;2;12;16;19m▅[38;2;12;17;19;48;2;13;18;24m▀[38;2;13;18;22;48;2;11;16;19m▅[38;2;14;19;22;48;2;13;18;21m▃[38;2;13;18;22;48;2;14;19;25m▏[38;2;16;21;27;48;2;15;20;26m╶[38;2;20;25;32;48;2;16;21;27m┗[38;2;28;33;38;48;2;17;22;27m▖[38;2;17;22;25;48;2;18;22;28m▀[38;2;17;22;28;48;2;16;21;25m▅[38;2;16;21;27;48;2;15;20;25m▅[38;2;15;20;26;48;2;17;22;28m▀[38;2;17;22;28;48;2;16;21;27m┒[38;2;44;53;61;48;2;17;24;31m▔[38;2;34;43;50;48;2;160;174;191m▅[38;2;116;128;131;48;2;172;190;212m▂[38;2;168;184;210;48;2;162;176;201m▊[38;2;157;176;200;48;2;106;107;104m▖[38;2;70;65;53;48;2;182;178;173m▖[38;2;228;224;222;48;2;225;221;218m▝[38;2;223;224;224;48;2;231;230;233m▖[38;2;241;240;248;48;2;234;235;242m▝[38;2;244;246;253;48;2;241;243;250m▐[38;2;208;211;216;48;2;245;248;252m▁[0m
[38;2;88;92;103;48;2;29;35;39m▖[38;2;98;82;76;48;2;23;29;38m▗[38;2;70;66;68;48;2;129;103;94m▘[38;2;150;120;113;48;2;110;80;70m▀[38;2;131;102;91;48;2;91;66;54m▘[38;2;87;60;51;48;2;78;56;46m▘[38;2;77;56;46;48;2;78;54;46m▆[38;2;75;55;46;48;2;73;53;45m▋[38;2;72;51;40;48;2;72;52;44m▐[38;2;72;50;39;48;2;73;51;40m▘[38;2;81;51;43;48;2;76;51;41m▗[38;2;86;53;44;48;2;94;59;50m▊[38;2;27;27;22;48;2;99;68;58m▗[38;2;31;30;27;48;2;11;19;20m▘[38;2;14;19;22;48;2;13;19;20m▅[38;2;14;19;20;48;2;14;19;22m▘[38;2;14;19;23;48;2;15;20;23m▋[38;2;14;19;22m▆[38;2;15;20;23;48;2;14;19;22m▔[38;2;21;28;39;48;2;14;20;24m▗[38;2;18;23;33;48;2;15;20;26m▏[38;2;16;21;27;48;2;17;22;28m▊[38;2;17;22;28;48;2;19;24;30m▎[38;2;19;24;30;48;2;18;23;29m▆[38;2;17;22;28;48;2;19;24;30m▝[38;2;18;23;29;48;2;17;22;28m▏  [38;2;17;22;28;48;2;16;22;28m▅[38;2;16;22;28;48;2;13;21;26m▍[38;2;91;87;73;48;2;18;25;24m▝[38;2;76;74;61;48;2;152;166;179m▅[38;2;78;85;89;48;2;151;170;194m▂[38;2;66;59;49;48;2;129;143;162m▝[38;2;212;210;208;48;2;89;84;76m▝[38;2;188;188;187;48;2;219;218;220m▁[38;2;222;224;228;48;2;227;230;235m▋[38;2;240;242;251;48;2;233;236;245m▐[38;2;236;239;244;48;2;116;120;122m▋[0m
[38;2;33;40;53;48;2;16;23;31m▔[38;2;36;35;33;48;2;86;64;56m▎[38;2;71;54;41;48;2;97;71;61m▆[38;2;68;51;39;48;2;77;58;46m▅[38;2;72;55;43;48;2;67;51;38m▀[38;2;74;54;43;48;2;68;48;37m▀[38;2;74;54;44m▀[38;2;72;52;45;48;2;67;47;40m▀[38;2;71;51;43;48;2;69;48;39m▘[38;2;72;50;39;48;2;70;48;37m▝[38;2;73;50;40;48;2;78;54;44m▋[38;2;78;57;48;48;2;31;29;24m▀[38;2;24;24;23;48;2;13;18;20m▔[38;2;14;19;25;48;2;13;19;22m▃[48;2;14;19;22m  [38;2;14;19;22;48;2;15;20;23m▎[38;2;15;19;24;48;2;14;19;22m▆[38;2;13;19;22;48;2;15;20;24m▔[38;2;17;23;35;48;2;33;43;73m▎[38;2;27;40;61;48;2;17;23;32m▅[38;2;19;27;36;48;2;17;22;26m▖[38;2;20;25;31;48;2;19;24;29m▐[48;2;21;26;32m▆[38;2;22;27;33m╻[38;2;21;26;32;48;2;18;23;29m▆[38;2;12;20;25;48;2;15;22;28m▗[38;2;11;20;25;48;2;14;22;27m▖[38;2;16;21;27;48;2;17;22;28m▕[38;2;16;21;26;48;2;14;19;23m▍[38;2;11;16;19;48;2;12;18;21m▐[38;2;56;52;40;48;2;19;23;20m▝[38;2;52;45;35;48;2;45;41;30m▗[38;2;57;58;50;48;2;116;131;151m▆[38;2;116;132;147;48;2;60;66;65m▘[38;2;182;183;182;48;2;61;57;46m▝[38;2;158;157;156;48;2;219;223;226m▖[38;2;222;225;233;48;2;232;235;244m▖[38;2;226;229;234;48;2;117;112;107m▋[0m
[?25h