[?25l[0m [38;2;0;0;0m        [38;2;2;2;2m▁[38;2;3;3;3m▂[7m▀[38;2;5;2;2m╵[0m[38;2;166;0;0;48;2;3;2;2m▁[38;2;148;1;1;48;2;2;2;2m▂[0m[38;2;57;3;3m▅[38;2;4;4;4m▆[38;2;23;3;3m▅[38;2;4;4;4;48;2;3;3;3m╵[48;2;4;4;4m [0m[7m[38;2;3;3;3m▝[0m[38;2;3;3;3m▂[38;2;2;2;2m▁         [0m
 [38;2;0;0;0m     [38;2;2;2;2m▂[7m[38;2;3;3;3m▀[0m[38;2;127;1;1;48;2;4;3;3m▂[38;2;6;3;3;48;2;176;0;0m▀[38;2;200;0;0;48;2;33;3;3m▅[38;2;29;3;3;48;2;195;0;0m▔[38;2;203;0;0;48;2;199;0;0m╷[48;2;203;0;0m  [38;2;29;3;3;48;2;185;0;0m▐[48;2;4;4;4m     [38;2;165;0;0;48;2;27;3;3m▅[38;2;7;3;3;48;2;176;0;0m▀[38;2;127;1;1;48;2;4;3;3m▂[0m[7m[38;2;3;3;3m▀[0m[38;2;2;2;2m▂      [0m
 [38;2;0;0;0m   [38;2;2;2;2m▃[48;2;11;2;2m╵[38;2;13;3;3;48;2;163;0;0m▀[38;2;198;0;0;48;2;77;2;2m▆[38;2;203;0;0;48;2;202;0;0m╵[48;2;203;0;0m    [38;2;149;1;1m▁[38;2;24;4;4;48;2;199;0;0m▁[38;2;104;2;2;48;2;6;3;3m▎[48;2;4;4;4m     [38;2;7;4;4;48;2;192;0;0m▎[48;2;203;0;0m [38;2;203;0;0;48;2;202;0;0m╵[38;2;198;0;0;48;2;78;2;2m▆[38;2;13;3;3;48;2;163;0;0m▀[0m[38;2;17;3;3m▅[38;2;3;3;3m▖    [0m
 [38;2;0;0;0m  [7m[38;2;3;3;3m▘[0m[38;2;188;0;0;48;2;34;3;3m▗[38;2;106;2;2;48;2;194;0;0m▔[48;2;203;0;0m   [38;2;116;2;2;48;2;199;0;0m▁[38;2;20;3;3;48;2;186;0;0m▃[38;2;25;3;3;48;2;172;0;0m▅[38;2;188;0;0;48;2;47;3;3m▂[38;2;5;4;4;48;2;179;0;0m▀[38;2;193;0;0;48;2;33;3;3m▖[48;2;4;4;4m      [38;2;203;0;0;48;2;61;2;2m▝[38;2;116;2;2;48;2;199;0;0m▁[48;2;203;0;0m   [38;2;106;2;2;48;2;194;0;0m▔[38;2;188;0;0;48;2;34;3;3m▖[0m[7m[38;2;3;3;3m▝[0m[38;2;0;0;0m   [0m
  [38;2;4;4;4;48;2;4;3;3m╷[38;2;8;3;3;48;2;157;1;1m▘[38;2;203;0;0;48;2;202;0;0m╵[48;2;203;0;0m  [38;2;130;1;1;48;2;196;0;0m▁[38;2;33;3;3;48;2;180;0;0m▅[38;2;159;1;1;48;2;32;3;3m▗[38;2;197;0;0;48;2;54;3;3m▅[38;2;203;0;0;48;2;197;0;0m╵[48;2;202;0;0m╵[38;2;17;3;3;48;2;171;0;0m▗[38;2;4;4;4;48;2;14;3;3m╵[48;2;4;4;4m      [38;2;185;0;0;48;2;33;3;3m▗[38;2;160;1;1;48;2;32;3;3m▖[38;2;33;3;3;48;2;179;0;0m▅[38;2;130;1;1;48;2;196;0;0m▁[48;2;203;0;0m  [38;2;203;0;0;48;2;202;0;0m╵[38;2;8;3;3;48;2;157;1;1m▝[0m[7m[38;2;5;3;3m▝[0m [38;2;1;1;1m [0m
 [7m[38;2;3;3;3m▘[0m[38;2;168;0;0;48;2;44;3;3m▐[48;2;203;0;0m   [38;2;67;2;2;48;2;200;0;0m▗[38;2;90;2;2;48;2;26;3;3m▔[38;2;24;3;3;48;2;175;0;0m▘[38;2;203;0;0;48;2;202;0;0m╵╵[38;2;47;3;3;48;2;188;0;0m▂[38;2;163;1;1;48;2;21;3;3m▘[48;2;4;4;4m        [38;2;10;3;3;48;2;150;1;1m▊[38;2;203;0;0;48;2;202;0;0m╵[38;2;23;3;3;48;2;175;0;0m▝[38;2;90;2;2;48;2;26;3;3m▔[38;2;67;2;2;48;2;200;0;0m▖[48;2;203;0;0m   [38;2;43;3;3;48;2;168;0;0m▐[0m[7m[38;2;3;3;3m▝[0m[38;2;0;0;0m [0m
[7m[38;2;3;3;3m▊[0m[38;2;117;1;1;48;2;13;3;3m▕[38;2;203;0;0;48;2;198;0;0m╵[48;2;203;0;0m  [48;2;194;0;0m╵[38;2;97;2;2;48;2;4;4;4m▘[38;2;29;3;3;48;2;179;0;0m▘[38;2;93;2;2;48;2;199;0;0m▂[38;2;179;0;0;48;2;17;3;3m▀[38;2;4;4;4;48;2;108;2;2m▆[48;2;4;4;4m    [38;2;128;2;2m▁[38;2;127;2;2m▁    [38;2;4;4;4;48;2;7;3;3m╵[38;2;203;0;0;48;2;198;0;0m╵[48;2;203;0;0m [38;2;29;3;3;48;2;179;0;0m▝[38;2;97;2;2;48;2;4;4;4m▝[38;2;203;0;0;48;2;194;0;0m╵[48;2;203;0;0m  [48;2;198;0;0m╵[38;2;116;1;1;48;2;12;3;3m▏[0m[38;2;2;2;2m▍[0m
[7m[38;2;3;3;3m▍[0m[38;2;11;4;4;48;2;187;0;0m▋[48;2;203;0;0m   [38;2;200;0;0;48;2;38;3;3m▋[38;2;82;2;2;48;2;6;3;3m▕[38;2;13;3;3;48;2;146;1;1m▅[38;2;4;4;4;48;2;5;4;4m╵[48;2;4;4;4m    [38;2;82;2;2;48;2;9;3;3m▕[38;2;74;2;2;48;2;191;0;0m▘[38;2;203;0;0;48;2;202;0;0m╵╵[38;2;73;2;2;48;2;191;0;0m▝[38;2;82;2;2;48;2;9;3;3m▏[48;2;4;4;4m   [38;2;60;3;3;48;2;191;0;0m▍[48;2;203;0;0m [38;2;203;0;0;48;2;202;0;0m╵[38;2;119;1;1;48;2;4;4;4m▎[38;2;39;3;3;48;2;201;0;0m▍[48;2;203;0;0m   [38;2;187;0;0;48;2;11;4;4m▍[0m[38;2;3;3;3m▋[0m
[7m[38;2;3;3;3m▍[0m[38;2;11;4;4;48;2;187;0;0m▋[38;2;90;2;2;48;2;196;0;0m▁[38;2;197;0;0;48;2;37;3;3m▀[38;2;15;3;3;48;2;179;0;0m▆[38;2;4;4;4;48;2;9;3;3m╵[48;2;4;4;4m       [38;2;82;2;2;48;2;9;3;3m▕[38;2;73;2;2;48;2;191;0;0m▖[38;2;203;0;0;48;2;202;0;0m╵╵[38;2;73;2;2;48;2;191;0;0m▗[38;2;82;2;2;48;2;9;3;3m▏[48;2;4;4;4m   [38;2;96;2;2m▝[38;2;125;1;1;48;2;191;0;0m▏[38;2;203;0;0;48;2;202;0;0m╵[38;2;118;1;1;48;2;4;4;4m▎[38;2;39;3;3;48;2;201;0;0m▍[48;2;203;0;0m   [38;2;187;0;0;48;2;11;4;4m▍[0m[38;2;3;3;3m▋[0m
[38;2;3;3;3m▐[38;2;4;4;4;48;2;12;3;3m╵[48;2;7;3;3m╵[48;2;4;4;4m            [38;2;127;2;2m▔▔      [38;2;115;2;2m▝[38;2;25;3;3;48;2;165;0;0m▃[38;2;97;2;2;48;2;4;4;4m▗[38;2;203;0;0;48;2;194;0;0m╵[48;2;203;0;0m  [48;2;198;0;0m╵[38;2;116;1;1;48;2;12;3;3m▏[0m[38;2;2;2;2m▍[0m
[7m[38;2;4;4;4m [0m[38;2;0;0;0;48;2;4;4;4m [38;2;4;4;4;48;2;6;3;3m╵[48;2;8;3;3m╵[48;2;4;4;4m    [48;2;13;3;3m╵[38;2;202;0;0m▂[38;2;203;0;0;48;2;11;4;4m▂[38;2;190;0;0;48;2;4;4;4m▂[38;2;146;1;1m▂[38;2;105;2;2m▁           [38;2;115;1;1m▝[38;2;29;3;3;48;2;183;0;0m▃[38;2;203;0;0;48;2;195;0;0m╵[48;2;203;0;0m [38;2;43;3;3;48;2;168;0;0m▐[0m[7m[38;2;3;3;3m▗[0m[38;2;0;0;0m [0m
[38;2;1;1;1m▔[0m [7m[38;2;5;3;3m▖[0m[38;2;76;2;2;48;2;18;3;3m╲[38;2;6;3;3;48;2;188;0;0m▀[38;2;198;0;0;48;2;20;3;3m▅[38;2;201;0;0;48;2;53;3;3m▆[38;2;88;2;2;48;2;196;0;0m▔[38;2;180;0;0;48;2;33;3;3m▃[38;2;159;1;1;48;2;32;3;3m▝[38;2;53;3;3;48;2;197;0;0m▃[38;2;203;0;0m╵[48;2;203;0;0m [48;2;202;0;0m╵[38;2;71;3;3;48;2;200;0;0m▔[38;2;200;0;0;48;2;41;3;3m▅[38;2;7;3;3;48;2;178;0;0m▀[38;2;176;0;0;48;2;8;3;3m▂[38;2;91;2;2;48;2;4;4;4m▁        [38;2;95;2;2;48;2;10;3;3m▔[38;2;17;3;3;48;2;179;0;0m▅[0m[7m[38;2;5;3;3m▗[0m [38;2;1;1;1m [0m
 [38;2;0;0;0m  [7m[38;2;3;3;3m▖[0m[38;2;188;0;0;48;2;34;3;3m▝[38;2;106;2;2;48;2;194;0;0m▁[48;2;203;0;0m   [38;2;116;2;2;48;2;199;0;0m▔[38;2;187;0;0;48;2;20;3;3m▅[38;2;172;0;0;48;2;24;3;3m▃[38;2;47;3;3;48;2;188;0;0m▆[38;2;179;0;0;48;2;5;4;4m▀[38;2;202;0;0;48;2;26;3;3m▀[38;2;4;4;4;48;2;196;0;0m▃▃[38;2;202;0;0;48;2;26;3;3m▀[38;2;177;0;0;48;2;5;4;4m▀[38;2;165;1;1;48;2;49;3;3m▁[38;2;171;0;0;48;2;9;3;3m▃[38;2;178;0;0;48;2;14;3;3m▃[38;2;104;2;2;48;2;7;3;3m▁[48;2;4;4;4m    [38;2;60;3;3;48;2;14;3;3m╵[0m[7m[38;2;3;3;3m▗[0m[38;2;0;0;0m   [0m
 [38;2;0;0;0m   [38;2;3;3;3m▝[7m[38;2;16;3;3m▃[0m[38;2;163;0;0;48;2;13;3;3m▀[38;2;77;2;2;48;2;198;0;0m▂[38;2;203;0;0;48;2;202;0;0m╵[48;2;203;0;0m    [38;2;149;1;1m▔[38;2;25;4;4;48;2;199;0;0m▔[38;2;4;4;4;48;2;194;0;0m▔▔[38;2;25;4;4;48;2;199;0;0m▔[38;2;149;1;1;48;2;203;0;0m▔   [38;2;203;0;0;48;2;200;0;0m╵[38;2;200;0;0;48;2;57;3;3m▆[38;2;128;1;1;48;2;10;3;3m▅[38;2;28;3;3;48;2;4;3;3m╴[0m[7m[38;2;4;4;4m▂[0m[38;2;2;2;2;48;2;4;4;4m▁[38;2;4;4;4;48;2;3;3;3m╵[0m[38;2;3;3;3m▅  [0m
 [38;2;0;0;0m     [7m[38;2;2;2;2m▆[0m[38;2;3;3;3m▀[7m[38;2;46;3;3m▂[0m[38;2;175;0;0;48;2;6;3;3m▀[38;2;32;3;3;48;2;200;0;0m▃[38;2;29;3;3;48;2;195;0;0m▁[38;2;203;0;0;48;2;199;0;0m╵[48;2;203;0;0m      [48;2;199;0;0m╵[38;2;29;3;3;48;2;195;0;0m▁[38;2;33;3;3;48;2;200;0;0m▃[38;2;176;0;0;48;2;7;3;3m▀[0m[7m[38;2;46;3;3m▂[0m[38;2;3;3;3m▀[7m[38;2;2;2;2m▆[0m[38;2;0;0;0m  [38;2;2;2;2m▔[7m[38;2;3;3;3m▆[0m [38;2;1;1;1m [0m
 [38;2;0;0;0m        [38;2;2;2;2m▔[7m[38;2;3;3;3m▅[0m[38;2;3;3;3m▀[38;2;9;3;3m▀[38;2;46;3;3m▀[7m[38;2;61;3;3m▃[38;2;71;2;2m▃▃[38;2;61;3;3m▃[0m[38;2;46;3;3m▀[38;2;9;3;3m▀[38;2;3;3;3m▀[7m▅[0m[38;2;2;2;2m▔         [0m
[?25h