[?25l[0m [38;2;0;0;0m         [38;2;4;4;4m▂▃[7m▀[0m[38;2;4;4;4m▅[38;2;29;4;4;48;2;3;3;3m▁[38;2;104;3;3m▁▁[38;2;29;4;4m▁[0m[38;2;4;4;4m▅[7m▀[0m[38;2;4;4;4m▃▂[0m [38;2;1;1;1m         [0m
 [38;2;0;0;0m     [38;2;2;2;2m▁[38;2;5;5;5m▃[38;2;59;17;17;48;2;5;5;5m▁[38;2;169;22;22;48;2;18;8;8m▂[38;2;18;8;8;48;2;180;26;26m▀[38;2;176;27;27;48;2;6;6;6m▆[38;2;13;4;4;48;2;183;27;27m▔[38;2;113;2;2;48;2;192;27;27m▔[38;2;181;7;7;48;2;198;35;35m▀[38;2;199;31;31;48;2;184;8;8m▃[38;2;187;20;20;48;2;184;6;6m▃[38;2;186;11;11;48;2;179;3;3m▅[38;2;113;2;2;48;2;186;8;8m▔[38;2;14;4;4;48;2;177;6;6m▔[38;2;168;4;4;48;2;5;5;5m▆[38;2;15;4;4;48;2;171;2;2m▀[38;2;160;0;0;48;2;14;4;4m▂[38;2;47;3;3;48;2;3;3;3m▁[0m[7m[38;2;4;4;4m▀[0m[38;2;2;2;2m▁      [0m
 [38;2;0;0;0m   [38;2;2;2;2m▗[7m[38;2;6;5;5m▀[0m[38;2;132;18;18;48;2;18;8;8m▂[38;2;176;29;29;48;2;38;14;14m▅[38;2;126;20;20;48;2;194;42;42m▔[38;2;195;42;42;48;2;209;67;67m▀[38;2;203;54;54;48;2;215;80;80m▀[38;2;208;62;62;48;2;220;88;88m▀[38;2;211;66;66;48;2;224;92;92m▀[38;2;213;66;66;48;2;225;92;92m▀[38;2;213;62;62;48;2;226;88;88m▀[38;2;50;17;17;48;2;208;61;61m▗[38;2;108;23;23;48;2;8;5;5m▘[38;2;35;7;7;48;2;171;28;28m▊[38;2;214;41;41;48;2;202;23;23m▃[38;2;197;17;17;48;2;207;26;26m▀[38;2;193;14;14;48;2;202;22;22m▀[38;2;188;10;10;48;2;197;17;17m▀[38;2;183;5;5;48;2;191;12;12m▀[38;2;116;1;1;48;2;180;4;4m▔[38;2;165;1;1;48;2;29;4;4m▅[38;2;123;1;1;48;2;14;4;4m▂[0m[38;2;4;4;4m▆[38;2;2;2;2m▖    [0m
 [38;2;0;0;0m  [38;2;4;4;4m▃[38;2;91;5;5;48;2;6;4;4m▗[38;2;36;7;7;48;2;161;17;17m▘[38;2;200;51;51;48;2;188;32;32m▗[38;2;200;52;52;48;2;209;69;69m▀[38;2;211;72;72;48;2;220;91;91m▀[38;2;219;90;90;48;2;228;110;110m▀[38;2;193;123;123;48;2;228;109;109m▂[38;2;152;123;123;48;2;224;114;114m▃[38;2;161;123;123;48;2;226;113;113m▅[38;2;241;142;142;48;2;163;108;108m▂[38;2;172;109;109;48;2;57;37;37m▎[38;2;55;26;26;48;2;5;5;5m▔ [38;2;7;6;6;48;2;120;52;52m▊[38;2;230;77;77;48;2;103;40;40m▂[38;2;65;24;24;48;2;206;36;36m▅[38;2;21;6;6;48;2;198;28;28m▃[38;2;89;14;14;48;2;202;26;26m▁[38;2;200;19;19;48;2;207;26;26m▀[38;2;192;13;13;48;2;200;20;20m▀[38;2;185;7;7;48;2;192;13;13m▀[38;2;176;1;1;48;2;183;5;5m▀[38;2;32;3;3;48;2;154;0;0m▝[38;2;88;2;2;48;2;6;4;4m▖[0m[38;2;4;4;4m▃   [0m
 [38;2;0;0;0m [7m[38;2;4;4;4m▘[0m[38;2;143;0;0;48;2;19;4;4m▗[38;2;131;1;1;48;2;176;10;10m▘[38;2;196;41;41;48;2;188;27;27m▐[38;2;210;68;68;48;2;203;55;55m▐[38;2;225;98;98;48;2;217;84;84m▗[38;2;158;110;110;48;2;222;106;106m▗[38;2;163;123;123;48;2;217;119;119m▆[38;2;162;130;130;48;2;237;155;155m▀[38;2;248;168;168;48;2;193;141;141m▆[38;2;248;160;160;48;2;252;179;179m▀[38;2;249;156;156;48;2;252;174;174m▀[38;2;16;11;11;48;2;223;143;143m▝[38;2;237;146;146;48;2;13;10;10m▂[38;2;236;133;133;48;2;13;9;9m▂[38;2;16;9;9;48;2;220;103;103m▘[38;2;247;107;107;48;2;244;91;91m▖[38;2;245;85;85;48;2;239;70;70m▖[38;2;234;55;55;48;2;103;23;23m▆[38;2;34;9;9;48;2;211;42;42m▀[38;2;53;11;11;48;2;182;26;26m▆[38;2;67;11;11;48;2;197;25;25m▖[38;2;206;25;25;48;2;199;19;19m▖[38;2;196;17;17;48;2;190;11;11m▖[38;2;187;9;9;48;2;181;3;3m▖[38;2;130;0;0;48;2;172;0;0m▝[38;2;143;0;0;48;2;19;4;4m▖[0m[7m[38;2;4;4;4m▝[0m[38;2;0;0;0m  [0m
 [38;2;4;4;4m▐[38;2;114;0;0;48;2;10;4;4m▗[38;2;139;0;0;48;2;166;0;0m▘[38;2;188;21;21;48;2;179;6;6m▐[38;2;204;51;51;48;2;196;37;37m▐[38;2;217;78;78;48;2;211;65;65m▐[38;2;198;93;93;48;2;123;83;83m▀[38;2;236;126;126;48;2;145;106;106m▗[38;2;229;134;134;48;2;245;147;147m▍[38;2;250;167;167;48;2;248;158;158m▐[38;2;252;184;184;48;2;252;176;176m▐[38;2;253;185;185;48;2;253;192;192m▃[48;2;253;180;180m▋[38;2;252;169;169;48;2;252;175;175m▝[38;2;251;158;158;48;2;252;166;166m▝[38;2;250;145;145;48;2;251;154;154m▝[38;2;249;129;129;48;2;250;140;140m▝[38;2;247;109;109;48;2;249;121;121m▝[38;2;246;89;89;48;2;247;102;102m▐[38;2;243;63;63;48;2;245;76;76m▐[38;2;242;59;59;48;2;237;52;52m▖[38;2;166;31;31;48;2;227;46;46m▔[38;2;219;40;40;48;2;52;11;11m▖[38;2;5;5;5;48;2;140;18;18m▖[38;2;198;18;18;48;2;202;22;22m▐[38;2;187;9;9;48;2;193;14;14m▐[38;2;177;1;1;48;2;182;5;5m▐[38;2;139;0;0;48;2;166;0;0m▝[38;2;114;0;0;48;2;10;4;4m▖[0m[7m[38;2;4;4;4m▐[0m[38;2;1;1;1m [0m
[7m[38;2;2;2;2m▊[0m[38;2;4;4;4;48;2;5;5;5m▏[38;2;45;3;3;48;2;144;0;0m▎[38;2;164;0;0;48;2;174;0;0m▍[38;2;189;17;17;48;2;182;5;5m▐[38;2;205;46;46;48;2;197;31;31m▐[38;2;62;51;51;48;2;182;60;60m▗[38;2;224;91;91;48;2;107;73;73m▗[38;2;240;121;121;48;2;236;108;108m▝[38;2;247;141;141;48;2;245;128;128m▝[38;2;250;158;158;48;2;249;145;145m▝[38;2;251;168;168;48;2;251;156;156m▀[38;2;252;175;175;48;2;252;165;165m▀[38;2;127;84;84;48;2;248;171;171m▂[38;2;237;163;163;48;2;20;15;15m▀[38;2;5;5;5;48;2;233;156;156m▅[48;2;233;148;148m▅[38;2;236;138;138;48;2;20;13;13m▀[38;2;126;63;63;48;2;245;126;126m▂[38;2;247;99;99;48;2;248;111;111m▐[38;2;246;87;87;48;2;245;76;76m▍[38;2;242;59;59;48;2;244;67;67m▐[38;2;233;49;49;48;2;239;54;54m▐[38;2;223;41;41;48;2;228;45;45m▐[38;2;211;35;35;48;2;43;9;9m▖[38;2;9;5;5;48;2;162;18;18m▖[38;2;192;13;13;48;2;197;18;18m▐[38;2;181;4;4;48;2;187;9;9m▐[38;2;174;0;0;48;2;164;0;0m▋[38;2;144;0;0;48;2;44;3;3m▊[38;2;4;4;4;48;2;5;5;5m╱[0m[38;2;2;2;2m▎[0m
[7m[38;2;4;4;4m▋[0m[38;2;72;2;2;48;2;5;5;5m▕[38;2;155;0;0;48;2;143;0;0m▐[38;2;165;0;0;48;2;175;0;0m▍[38;2;187;9;9;48;2;182;5;5m▐[38;2;202;33;33;48;2;195;18;18m▝[38;2;198;34;34;48;2;46;29;29m▏[38;2;66;39;39;48;2;214;68;68m▏[38;2;235;96;96;48;2;232;81;81m▀[38;2;244;113;113;48;2;241;98;98m▀[38;2;248;129;129;48;2;247;113;113m▀[38;2;250;143;143;48;2;248;127;127m▀[38;2;89;51;51;48;2;239;140;140m▗[38;2;53;35;35;48;2;6;6;6m▔[48;2;5;5;5m [38;2;5;5;5;48;2;132;0;0m▀▀[48;2;5;5;5m [38;2;53;27;27;48;2;6;5;5m▔[38;2;89;35;35;48;2;236;92;92m▖[38;2;245;76;76;48;2;246;84;84m▐[38;2;243;60;60;48;2;244;68;68m▐[38;2;234;50;50;48;2;239;55;55m▐[38;2;224;41;41;48;2;229;46;46m▐[38;2;215;35;35;48;2;87;12;12m▊[38;2;8;5;5;48;2;144;15;15m▊[38;2;192;14;14;48;2;197;18;18m▐[38;2;182;5;5;48;2;187;9;9m▐[38;2;175;0;0;48;2;165;0;0m▋[38;2;143;0;0;48;2;155;0;0m▐[38;2;71;2;2;48;2;5;5;5m▏[0m[38;2;4;4;4m▍[0m
[7m[38;2;4;4;4m▋[0m[38;2;69;2;2;48;2;5;5;5m▕[38;2;149;0;0;48;2;137;0;0m▐[38;2;171;0;0;48;2;160;0;0m▐[38;2;184;6;6;48;2;178;2;2m▐[38;2;194;15;15;48;2;189;10;10m▐[38;2;141;13;13;48;2;10;6;6m▎[38;2;88;17;17;48;2;213;40;40m▎[38;2;228;65;65;48;2;221;47;47m▀[38;2;237;81;81;48;2;232;62;62m▀[38;2;245;95;95;48;2;240;75;75m▀[38;2;247;109;109;48;2;245;87;87m▀[38;2;246;107;107;48;2;120;50;50m▋[38;2;52;22;22;48;2;6;5;5m▁[48;2;5;5;5m [38;2;131;0;0m▀▀ [38;2;52;19;19;48;2;6;5;5m▁[38;2;88;32;32;48;2;234;75;75m▘[38;2;245;76;76;48;2;244;66;66m▘[38;2;243;62;62;48;2;239;54;54m▘[38;2;236;51;51;48;2;230;46;46m▘[38;2;226;43;43;48;2;220;38;38m▘[38;2;35;5;5;48;2;200;29;29m▕[38;2;8;5;5;48;2;141;13;13m▊[38;2;189;10;10;48;2;194;15;15m▐[38;2;178;2;2;48;2;184;6;6m▐[38;2;160;0;0;48;2;171;0;0m▐[38;2;137;0;0;48;2;149;0;0m▐[38;2;69;2;2;48;2;5;5;5m▏[0m[38;2;4;4;4m▍[0m
[7m[38;2;2;2;2m▊[0m[38;2;4;4;4;48;2;5;5;5m╱[38;2;40;3;3;48;2;127;0;0m▎[38;2;162;0;0;48;2;149;0;0m▝[38;2;164;0;0;48;2;175;0;0m▖[38;2;133;3;3;48;2;184;7;7m▁[38;2;14;5;5;48;2;129;10;10m▐[38;2;156;20;20;48;2;14;5;5m▝[38;2;5;5;5;48;2;177;26;26m▆[38;2;10;5;5;48;2;197;40;40m▆[38;2;19;7;7;48;2;213;47;47m▖[38;2;234;50;50;48;2;242;66;66m▅[38;2;240;56;56;48;2;244;76;76m▅[38;2;125;39;39;48;2;238;65;65m▝[38;2;20;9;9;48;2;229;61;61m▀[38;2;225;61;61;48;2;5;5;5m▃▃[38;2;20;9;9;48;2;229;61;61m▀[38;2;238;62;62;48;2;124;38;38m▆[38;2;243;65;65;48;2;239;54;54m▀[38;2;240;56;56;48;2;233;49;49m▀[38;2;19;7;7;48;2;212;43;43m▗[38;2;10;5;5;48;2;197;36;36m▆[38;2;5;5;5;48;2;176;26;26m▆[38;2;156;20;20;48;2;14;5;5m▘[38;2;8;5;5;48;2;153;10;10m▘[38;2;180;2;2;48;2;186;8;8m▗[38;2;164;0;0;48;2;175;0;0m▗[38;2;162;0;0;48;2;149;0;0m▘[38;2;127;0;0;48;2;40;3;3m▊[38;2;4;4;4;48;2;5;5;5m▁[0m[38;2;2;2;2m▎[0m
 [38;2;4;4;4m▐[38;2;95;0;0;48;2;9;4;4m▝[38;2;110;0;0;48;2;137;0;0m▖[38;2;158;0;0;48;2;143;0;0m▀[38;2;160;0;0;48;2;39;3;3m▂[38;2;145;2;2;48;2;5;5;5m▂[38;2;144;6;6m▂[38;2;17;5;5m▁[38;2;127;14;14;48;2;11;5;5m▁[38;2;6;5;5;48;2;181;26;26m▘[38;2;224;42;42;48;2;216;34;34m▀[38;2;230;47;47;48;2;221;39;39m▀[38;2;235;51;51;48;2;225;42;42m▀[38;2;238;53;53;48;2;228;45;45m▀[38;2;239;55;55;48;2;229;46;46m▀▀[38;2;238;53;53;48;2;228;45;45m▀[38;2;235;51;51;48;2;225;42;42m▀[38;2;230;47;47;48;2;221;39;39m▀[38;2;224;42;42;48;2;216;34;34m▀[38;2;6;5;5;48;2;181;26;26m▝[38;2;126;14;14;48;2;11;5;5m▁[48;2;5;5;5m [38;2;15;5;5m▕[38;2;8;5;5;48;2;150;5;5m▖[38;2;162;0;0;48;2;174;0;0m▗[38;2;164;0;0;48;2;150;0;0m▘[38;2;110;0;0;48;2;137;0;0m▗[38;2;94;0;0;48;2;9;4;4m▘[0m[7m[38;2;4;4;4m▐[0m[38;2;1;1;1m [0m
 [38;2;0;0;0m [7m[38;2;4;4;4m▖[0m[38;2;109;0;0;48;2;15;4;4m▝[38;2;95;0;0;48;2;132;0;0m▖[38;2;153;0;0;48;2;138;0;0m▀[38;2;170;0;0;48;2;155;0;0m▀[38;2;169;0;0;48;2;180;3;3m▃[38;2;59;5;5;48;2;173;4;4m▝[38;2;158;5;5;48;2;47;6;6m▂[38;2;184;19;19;48;2;29;6;6m▀[38;2;87;9;9;48;2;203;23;23m▂[38;2;211;29;29;48;2;201;21;21m▀[38;2;215;33;33;48;2;205;24;24m▀[38;2;217;35;35;48;2;207;26;26m▀[38;2;219;37;37;48;2;208;27;27m▀▀[38;2;217;35;35;48;2;207;26;26m▀[38;2;215;33;33;48;2;205;24;24m▀[38;2;211;29;29;48;2;201;21;21m▀[38;2;87;9;9;48;2;203;23;23m▂[38;2;184;19;19;48;2;29;6;6m▀[38;2;158;5;5;48;2;47;6;6m▂[38;2;177;3;3;48;2;33;5;5m▅[38;2;16;4;4;48;2;167;0;0m▀[38;2;10;4;4;48;2;145;0;0m▀[38;2;138;0;0;48;2;156;0;0m▆[38;2;95;0;0;48;2;132;0;0m▗[38;2;109;0;0;48;2;15;4;4m▘[0m[7m[38;2;4;4;4m▗[0m[38;2;0;0;0m  [0m
 [38;2;0;0;0m  [7m[38;2;4;4;4m▅[0m[38;2;62;2;2;48;2;5;4;4m▝[38;2;23;3;3;48;2;108;0;0m▖[38;2;139;0;0;48;2;122;0;0m▀[38;2;154;0;0;48;2;136;0;0m▀[38;2;167;0;0;48;2;149;0;0m▀[38;2;177;1;1;48;2;161;0;0m▀[38;2;77;5;5;48;2;170;1;1m▔[38;2;167;2;2;48;2;17;5;5m▅[38;2;172;3;3;48;2;47;6;6m▃[38;2;5;5;5;48;2;130;9;9m━[38;2;51;5;5;48;2;195;18;18m▅[38;2;182;16;16;48;2;35;5;5m▀▀[38;2;51;5;5;48;2;195;18;18m▅[38;2;5;5;5;48;2;130;9;9m━[38;2;172;3;3;48;2;47;6;6m▃[38;2;167;2;2;48;2;18;5;5m▅[38;2;76;5;5;48;2;170;1;1m▔[38;2;177;1;1;48;2;161;0;0m▀[38;2;167;0;0;48;2;149;0;0m▀[38;2;154;0;0;48;2;136;0;0m▀[38;2;139;0;0;48;2;121;0;0m▀[38;2;23;3;3;48;2;108;0;0m▗[38;2;62;2;2;48;2;5;4;4m▘[0m[7m[38;2;4;4;4m▅[0m[38;2;1;1;1m   [0m
 [38;2;0;0;0m   [38;2;2;2;2m▝[7m[38;2;4;4;4m▂[0m[38;2;10;4;4;48;2;80;1;1m▆[38;2;19;4;4;48;2;108;0;0m▃[38;2;69;1;1;48;2;122;0;0m▁[38;2;141;0;0;48;2;121;0;0m▀[38;2;151;0;0;48;2;130;0;0m▀[38;2;160;0;0;48;2;138;0;0m▀[38;2;166;0;0;48;2;145;0;0m▀[38;2;171;0;0;48;2;150;0;0m▀[38;2;174;0;0;48;2;153;0;0m▀[38;2;175;1;1;48;2;155;0;0m▀▀[38;2;174;0;0;48;2;153;0;0m▀[38;2;171;0;0;48;2;150;0;0m▀[38;2;166;0;0;48;2;145;0;0m▀[38;2;160;0;0;48;2;138;0;0m▀[38;2;151;0;0;48;2;130;0;0m▀[38;2;141;0;0;48;2;121;0;0m▀[38;2;70;1;1;48;2;122;0;0m▁[38;2;19;4;4;48;2;108;0;0m▃[38;2;10;4;4;48;2;80;1;1m▆[0m[7m[38;2;4;4;4m▂[0m[38;2;2;2;2m▘    [0m
 [38;2;0;0;0m     [38;2;2;2;2m▔[38;2;4;4;4m▀[38;2;28;3;3;48;2;3;3;3m▔[38;2;10;4;4;48;2;96;0;0m▆[38;2;105;0;0;48;2;10;4;4m▀[38;2;22;3;3;48;2;113;0;0m▃[38;2;8;4;4;48;2;111;0;0m▁[38;2;62;1;1;48;2;119;0;0m▁[38;2;130;0;0;48;2;107;0;0m▀[38;2;132;0;0;48;2;109;0;0m▀▀[38;2;130;0;0;48;2;107;0;0m▀[38;2;62;1;1;48;2;119;0;0m▁[38;2;8;4;4;48;2;111;0;0m▁[38;2;22;3;3;48;2;113;0;0m▃[38;2;105;0;0;48;2;10;4;4m▀[38;2;10;4;4;48;2;97;0;0m▆[38;2;28;3;3;48;2;3;3;3m▔[0m[38;2;4;4;4m▀[38;2;2;2;2m▔      [0m
 [38;2;0;0;0m         [7m[38;2;3;3;3m▆[38;2;4;4;4m▅[0m[38;2;4;4;4m▀[7m▃[0m[38;2;15;4;4;48;2;3;3;3m▔[38;2;56;2;2m▔[38;2;55;2;2m▔[38;2;15;4;4m▔[0m[7m[38;2;4;4;4m▃[0m[38;2;4;4;4m▀[7m▅▆[0m[38;2;0;0;0m          [0m
[?25h